4.848723699951707e-05,-0.9999779920406877,-8.545413850966714e-05,0.3854281292037383,-0.999977993018381,-4.849348522245611e-05,7.311890400783716e-05,5.991022396563853e-05,-7.312143877897582e-05,8.544871258836523e-05,-0.9999999936756081,0.3637836038650677,0.0,0.0,0.0,1.0,-0.9932523153266533,-2.565832136336471,-2.2677995198780514,0.0
4.848723699951707e-05,-0.9999779920406877,-8.545413850966714e-05,0.3854281292037383,-0.999977993018381,-4.849348522245611e-05,7.311890400783716e-05,5.991022396563853e-05,-7.312143877897582e-05,8.544871258836523e-05,-0.9999999936756081,0.3637836038650677,0.0,0.0,0.0,1.0,-0.9945259075088819,-2.591531965660328,-2.2572793468683314,0.0
0.0005237905528361897,-0.9999529916095203,-0.007052419595595837,0.3895583304097121,-0.9999617542093369,-0.00048374389235950055,-0.005679062292458267,-0.011553453248554928,0.00567538376397474,0.007055124509410073,-0.9999590049743667,0.35217024083542475,0.0,0.0,0.0,1.0,0.5003120827591596,-1.8448584910861374,0.29112043376727864,0.0
0.0010559963982987308,-0.9995689973322703,-0.02857856895712528,0.3937048692860951,-0.9999685784173037,-0.0009352494232469089,-0.004238218478666659,-0.046187619574354154,0.00420966370506156,0.028582146516706076,-0.9995825643239732,0.3294457955841864,0.0,0.0,0.0,1.0,0.6994008130196254,-1.7449839758955996,0.40117930436345456,0.0
0.0013792317652900898,-0.9982393051591297,-0.05892821383318961,0.39731669715906,-0.9999069389252075,-0.002074499154953835,0.011739260017140454,-0.08298071751186858,-0.011840837292392537,0.058906538749958076,-0.9981931954229502,0.3088554355055477,0.0,0.0,0.0,1.0,0.32467038753240857,-2.8825283515210267,-0.8772533067252271,0.0
0.00124104519596685,-0.9962392286531935,-0.08638392036295046,0.4005636740718725,-0.9993357389029849,-0.004329241604856038,0.0355722999198607,-0.11605782308471119,-0.03581249749560797,0.08628239205332072,-0.9956266518033449,0.2895871773015515,0.0,0.0,0.0,1.0,0.6133133250239698,-2.894811971273602,-0.7361579904220281,0.0
0.000740104635964911,-0.993826516003323,-0.11074674837942718,0.4032910977478794,-0.9983685660020422,-0.007014457415355946,0.05627732578379878,-0.14384117011536585,-0.05670672696409336,0.11052442125924536,-0.992254009982327,0.27273959637380024,0.0,0.0,0.0,1.0,0.8732678749012733,-3.249576895491882,-1.15877458119363,0.0
9.174977577353083e-06,-0.9910710561124264,-0.13317258092630083,0.40566657448123017,-0.9971182566098311,-0.010073228962175163,0.07489962271505846,-0.1680418043206119,-0.07557232608578969,0.13278812451910577,-0.9882586251617385,0.25747408177569825,0.0,0.0,0.0,1.0,0.8889707353838068,-2.902080278421111,-1.1969242609271495,0.0
-0.000885372280836072,-0.98796709515289,-0.1545227490315526,0.4078022868283185,-0.9956265797570836,-0.013527850157961596,0.09220129753303768,-0.18979803226183764,-0.09318220868793772,0.15392858858603978,-0.9836776101777229,0.24318902022605066,0.0,0.0,0.0,1.0,1.1871160190449532,-2.64605139443187,-1.1135791826557384,0.0
-0.0018140962330264188,-0.9847899913487622,-0.17361653914925973,0.4096030591104761,-0.9940599362159088,-0.017081708949573893,0.10728261338983466,-0.2081411569547308,-0.1086165111026278,0.17277986681755964,-0.9789523676860283,0.23065034373732896,0.0,0.0,0.0,1.0,1.613836166341127,-2.7510387795465228,-2.071278782559706,0.0
-0.0027445357746661014,-0.9815313449055517,-0.19117083710153487,0.4111634559341052,-0.9924395234727919,-0.02074966945875578,0.12078857447759972,-0.22403509056484086,-0.12252450363623332,0.19005700303876671,-0.9740964178753393,0.21934801912855711,0.0,0.0,0.0,1.0,1.6979006628545792,-2.7197670076618836,-2.289219228657776,0.0
-0.0037062271668358293,-0.9779902643329137,-0.20851670030441757,0.41261101318162074,-0.990683689565675,-0.024761499591953007,0.13375154887225815,-0.23878128382694036,-0.1359708988260196,0.2070698076176772,-0.9688298658012301,0.2084257104734445,0.0,0.0,0.0,1.0,1.7381472346884417,-2.5741933181663903,-2.537394856810465,0.0
-0.00454748497758084,-0.9746662340195311,-0.22352459715440653,0.4137844471253839,-0.9890519154906497,-0.02855268890891638,0.14463045028851476,-0.25073921132476135,-0.14734864459329622,0.22173513577482934,-0.9639080803252467,0.1991992460824391,0.0,0.0,0.0,1.0,2.0416280449122146,-2.5132536764387043,-2.4444087215296877,0.0
-0.0053160207168762574,-0.9713599344027659,-0.23746598381606557,0.41480682937040325,-0.9874528008012742,-0.03234664098275286,0.1544270205066165,-0.2611548435190595,-0.1576854474334361,0.2353073880544627,-0.9590423358057335,0.19083959198101078,0.0,0.0,0.0,1.0,1.8507772261424584,-2.3399813770551514,-2.562897999991965,0.0
-0.00600153945931059,-0.9680959575079937,-0.2504255428906792,0.4156966839500488,-0.9859029031351495,-0.03611377378309938,0.1632434618492798,-0.2702188533421733,-0.16707914691136197,0.2478749818328794,-0.9542738703492681,0.18327222159945397,0.0,0.0,0.0,1.0,2.04533297851105,-2.519881212394573,-2.989243121139916,0.0
-0.00662050776319828,-0.9647738183072109,-0.2629195401229498,0.4164975363094121,-0.9843593666022671,-0.03996760240275632,0.17145412207361665,-0.27837601169169923,-0.17592271166102336,0.25994242532900713,-0.9494613206684631,0.1761830823521895,0.0,0.0,0.0,1.0,2.228612217663441,-2.340017064615393,-2.867513064066465,0.0
-0.007145214469106209,-0.9615262461484435,-0.2745460527051901,0.4171908020741781,-0.9828866963658142,-0.043752751302400916,0.1788206930006335,-0.285441280967396,-0.1839529348396284,0.27112537494668276,-0.9448003094298667,0.1697877023582148,0.0,0.0,0.0,1.0,2.2058196681868574,-2.486120504764962,-2.7127359327950256,0.0
-0.007566216788534363,-0.9584602177263248,-0.2850549655185234,0.4177742078649441,-0.981531568296316,-0.04734000230750646,0.18523554943281484,-0.29138191324958584,-0.19103540776544417,0.28119197968000054,-0.9404421608262555,0.1641899394525635,0.0,0.0,0.0,1.0,2.2011491316767264,-2.402996770012303,-2.8732297248298773,0.0
-0.007904317968443708,-0.9554746936339519,-0.2948990552444522,0.41828165836285486,-0.9802466019170779,-0.050845109525398946,0.1910208737599452,-0.2965564157163756,-0.19750978559631427,0.29058368653673944,-0.9362401257177116,0.15911765270036213,0.0,0.0,0.0,1.0,2.3521508663225426,-2.831754346863138,-2.6378426294773782,0.0
-0.008173111283948431,-0.9524748070768096,-0.30444213741078974,0.4187379436625527,-0.9789913025161653,-0.05437574820666963,0.19641028342347366,-0.30120839659423543,-0.203630115819024,0.2996514877483263,-0.9320611490316827,0.15437118192560859,0.0,0.0,0.0,1.0,2.444162369005199,-2.4950962402729333,-2.860533854683104,0.0
-0.008362057254159228,-0.949662770496092,-0.31309903622018814,0.41912124834120723,-0.9778477096040856,-0.057690346403837245,0.20110558102273884,-0.3051158004176746,-0.2090452750945307,0.30784483182980077,-0.9281840005082483,0.15022097832830422,0.0,0.0,0.0,1.0,2.366483475838524,-2.199154294574764,-3.0547979287729268,0.0
-0.00848819442844767,-0.9469405228976316,-0.32123532171743946,0.41945483178624976,-0.9767719904088252,-0.06090060856294166,0.2053422615332495,-0.3085158735075309,-0.21401033509378198,0.3155166496238341,-0.9244687251116198,0.1464642959155191,0.0,0.0,0.0,1.0,2.5480891432595345,-2.54307479922897,-2.726512472431452,0.0
-0.008551364484546853,-0.9443126384393934,-0.3288788059286357,0.41974625246679664,-0.975763132232339,-0.06400517086185192,0.20915919115300163,-0.3114696225350012,-0.21856161181784448,0.3226964102765994,-0.9209186520899536,0.14306969979585088,0.0,0.0,0.0,1.0,2.6187377866997004,-2.6878758165025416,-2.901323498797897,0.0
-0.008558092412272789,-0.9417440734581215,-0.33616339225034053,0.41999956241293757,-0.974805434194647,-0.06704323922923738,0.21264419482043678,-0.31406800578932104,-0.22279389295417212,0.3295137302131452,-0.9174838527842938,0.13996314631319126,0.0,0.0,0.0,1.0,2.535108420001657,-2.5960039772494206,-3.1243928402287375,0.0
-0.008515065008493472,-0.9391898586082835,-0.3432361894421433,0.42022769448267827,-0.9738806397706239,-0.07006364819221839,0.21588337086939105,-0.3163912587558168,-0.22680385218661497,0.33610934070355103,-0.9141024496407971,0.1370717390500226,0.0,0.0,0.0,1.0,2.4377516756341167,-2.4151942205879813,-3.0941818096800415,0.0
-0.008425949822635448,-0.9367290520658859,-0.3498986541713812,0.4204257668932529,-0.9730155925378308,-0.07297314606012545,0.2188005428918019,-0.3184014578865628,-0.2304900307316283,0.34230044871232773,-0.9108771894384604,0.13446557125796044,0.0,0.0,0.0,1.0,2.512016588873512,-2.587199475886544,-3.3584584950274254,0.0
-0.008302806273683183,-0.9344255824241137,-0.3560076767365804,0.4205915577031928,-0.9722288297067001,-0.07569332673684243,0.22135892452481895,-0.3200951250116887,-0.23379084736992556,0.3479588271874873,-0.9078869756956746,0.1321800078422791,0.0,0.0,0.0,1.0,2.7385847186114884,-2.777407664576352,-3.208005300677917,0.0
-0.008141161004568631,-0.9321301240383149,-0.3619791618399322,0.42073958761283636,-0.9714667076758439,-0.07840133466564375,0.22374955624172557,-0.3216138953586769,-0.2369433510225193,0.35347228576196504,-0.9049349272048745,0.13004642032707003,0.0,0.0,0.0,1.0,2.590621341390527,-2.661985005859613,-2.938522028686695,0.0
-0.007957245343727826,-0.9299909784489107,-0.3674444147446796,0.4208651425945735,-0.9707758067349042,-0.08092102715557409,0.2258414468776186,-0.3228886671658656,-0.23976448761975241,0.3585032239555887,-0.9022085362848016,0.1281820485775211,0.0,0.0,0.0,1.0,2.6267552653687924,-2.677026114608875,-3.2109999692748388,0.0
-0.007742183819392512,-0.9278535132930208,-0.3728136626292638,0.4209797434355727,-0.970103571444914,-0.08343459889584875,0.22780694967457776,-0.3240359191554069,-0.24247703701248827,0.3634315888798238,-0.899507624557412,0.12643569480032268,0.0,0.0,0.0,1.0,2.8802801304538623,-2.835944380966799,-3.2225894922380838,0.0
-0.007514440805639011,-0.9258599906343411,-0.3777420869924371,0.4210703688390136,-0.9694928679285755,-0.0857739843841227,0.2295315126281714,-0.32499936289511633,-0.24491448800312,0.3679430602202964,-0.8970095876997201,0.12490877090975355,0.0,0.0,0.0,1.0,2.4478201731137217,-2.332955456104136,-3.4225748447646542,0.0
-0.007260741176305985,-0.9238704838039116,-0.3825873054252681,0.4211598553449528,-0.9688986706236276,-0.08810441638054745,0.2311521649995109,-0.32586578393325555,-0.24726229376951936,0.3723666676664223,-0.8945365450016401,0.12348000886999841,0.0,0.0,0.0,1.0,2.7583538181012788,-2.7720566149282244,-3.4502183566616798,0.0
-0.007003199855470155,-0.9220173360523809,-0.3870369147622955,0.42122643642290725,-0.9683584352053144,-0.09026949888999114,0.23257629523375994,-0.32659278603170433,-0.24937700450788403,0.37641923942307604,-0.8922503536040894,0.12223185687458465,0.0,0.0,0.0,1.0,2.5411960875556168,-2.560607694225251,-3.168199564933889,0.0
-0.006734722679843985,-0.9202267895051324,-0.39127999040685124,0.4212877826240297,-0.9678486614829038,-0.09235610223588525,0.2338754371033281,-0.3272277385416299,-0.2513555374265767,0.3802749011908328,-0.8900574414199017,0.1210995741645921,0.0,0.0,0.0,1.0,2.816833152975232,-2.880488013827756,-3.253914713047517,0.0
-0.0064573255514175365,-0.9184985815120164,-0.395324588429285,0.42134956308150406,-0.967367343065175,-0.09436586748056941,0.23506155010325477,-0.3277794303444075,-0.2532088480613838,0.3839419657108089,-0.8879552564438545,0.12007399548751285,0.0,0.0,0.0,1.0,2.6454897769296615,-2.9787725748697547,-3.466565031807839,0.0
-0.006164620252108621,-0.9167707801721394,-0.3993198533751841,0.42139054061448894,-0.9668966049927055,-0.09636861643249883,0.2361831788919703,-0.3282766700035429,-0.25500773896012235,0.38755699014245515,-0.8858674622701215,0.11911205399818456,0.0,0.0,0.0,1.0,2.2260526656088055,-2.4856036025414996,-3.337079905691363,0.0
-0.005867235395936976,-0.9151086434273393,-0.4031189547105306,0.42142875042552763,-0.966453004686185,-0.09829103793927674,0.2372044094003632,-0.32870630732505385,-0.2566907857728439,0.39098725913285254,-0.8838716968622277,0.118245429389396,0.0,0.0,0.0,1.0,2.634127587620255,-2.911424156281677,-3.118684494494395,0.0
-0.005577904007676937,-0.9135588443031479,-0.40662316119776887,0.42146565750127973,-0.9660477198436969,-0.10007770228383134,0.23810658454939493,-0.32906752249459337,-0.25821828786997586,0.3941455133829531,-0.8820220287338378,0.11748745420907572,0.0,0.0,0.0,1.0,2.491142762388995,-2.9411295058541427,-3.5560692115125856,0.0
-0.0052867948634443,-0.9120629499779241,-0.4099714814950343,0.4215025320560386,-0.9656636910797675,-0.10179822014013107,0.2389335986901204,-0.32938330816503614,-0.25965684999455985,0.39715776698019467,-0.8802466244057714,0.11680140668080155,0.0,0.0,0.0,1.0,2.507793317973544,-3.0734319498013547,-3.3769921139602133,0.0
-0.004996438593011632,-0.9106179271046448,-0.4131749424132962,0.4215363522729281,-0.9652991382802187,-0.10345510468059038,0.23969384105565944,-0.3296565147849432,-0.26101456560061925,0.4000350314284914,-0.8785404541179385,0.11617764749977089,0.0,0.0,0.0,1.0,2.2992230586557376,-2.744143801086172,-3.3901604230651157,0.0
-0.004696850383318185,-0.9091775987304158,-0.41633839078451695,0.42154904752631117,-0.9649420037423169,-0.10510266607302132,0.24041401103623777,-0.32990478652690736,-0.26233730811507844,0.4028715896783541,-0.8768485887862433,0.11559654536936406,0.0,0.0,0.0,1.0,2.537827667250736,-3.1680823835349496,-3.441260694825788,0.0
-0.004401212017451472,-0.9077905317559728,-0.41935750010445805,0.42156180720151837,-0.9646036219328701,-0.10668382872563131,0.24107460451838741,-0.3301166187668554,-0.26358390714456065,0.4055747839319828,-0.8752270117874805,0.11507145593746063,0.0,0.0,0.0,1.0,2.6411234327886497,-3.1926714008540413,-3.5087097247916486,0.0
-0.00411767500640936,-0.9064960364512336,-0.4221514150394418,0.4215741441569356,-0.9642928281469709,-0.10815558180694468,0.24166149026459438,-0.3302958874072996,-0.264723214991969,0.4080726653931032,-0.8737207259206413,0.11461153940871108,0.0,0.0,0.0,1.0,2.5454704720709573,-3.2057993490822767,-3.2949231010737474,0.0
-0.0038374857484048674,-0.905246630078306,-0.4248267278763714,0.4215865893996755,-0.9639970041152546,-0.10957273127145173,0.24220274216427923,-0.3304533520133237,-0.26580264103046636,0.4104611425121885,-0.8722729406383986,0.11419403857798505,0.0,0.0,0.0,1.0,2.420720810311024,-2.987377491119211,-3.5438649126521002,0.0
-0.0035532512086847157,-0.904000250842752,-0.42747509459081273,0.4215994011693826,-0.9637059233246594,-0.11098171235781312,0.24271905483963396,-0.3305935402458251,-0.26686000444735125,0.412822722505915,-0.870834372267385,0.11380592113881796,0.0,0.0,0.0,1.0,2.24888515509312,-2.9363304879269903,-3.432624284813,0.0
-0.003439236838949533,-0.9035077527426186,-0.428516029114181,0.4216044909395679,-0.9635921142346124,-0.1115373447587063,0.24291613579992521,-0.3306441631521882,-0.2672721520354514,0.41375011260057276,-0.8702676391549019,0.11365717435379255,0.0,0.0,0.0,1.0,1.7384353919674163,-2.317959640938899,-2.7262566753875603,0.0
-0.0034392368381678806,-0.9035077527526202,-0.42851602909309866,0.42078289755674975,-0.9635921142262236,-0.11153734476670857,0.2429161358295286,-0.3301784202126089,-0.2672721520657055,0.41375011257657524,-0.8702676391570198,0.11157147077496615,0.0,0.0,0.0,1.0,-1.5306843877612015,1.5176995184681878,1.7770733936485625,1.0
-0.003439236837055326,-0.9035077527560993,-0.4285160290857718,0.41928559319104997,-0.9635921142232169,-0.11153734477036731,0.2429161358397763,-0.32932963189504344,-0.2672721520765602,0.4137501125679916,-0.8702676391577671,0.10777040098294857,0.0,0.0,0.0,1.0,-1.1293331843331835,1.2314010225822025,1.1013074352479395,1.0
-0.003439236836159487,-0.9035077527556583,-0.42851602908670927,0.4175935461758038,-0.9635921142234902,-0.11153734477098048,0.24291613583841054,-0.328370448355764,-0.26727215207558636,0.41375011256878974,-0.8702676391576866,0.1034749555627093,0.0,0.0,0.0,1.0,-1.3332218066925663,1.5065997925345331,0.710496380397703,1.0
-0.0034392368350244507,-0.9035077527566685,-0.42851602908458786,0.4158926232009549,-0.9635921142225319,-0.11153734477288724,0.2429161358413366,-0.3274062332254764,-0.26727215207905597,0.4137501125660693,-0.8702676391579145,0.09915697763636594,0.0,0.0,0.0,1.0,-1.0596037664833902,1.3093493751999277,0.7869092254621275,1.0
-0.0034392368339828394,-0.9035077527572315,-0.428516029083409,0.41423590423122497,-0.9635921142219549,-0.11153734477437527,0.2429161358429415,-0.32646707635797617,-0.2672721520811489,0.4137501125644387,-0.870267639158047,0.09495121635811163,0.0,0.0,0.0,1.0,-0.7932879891376445,0.9691803414668312,0.6409248816316682,1.0
-0.003439236833469972,-0.9035077527560925,-0.42851602908581476,0.4123842998361203,-0.963592114222848,-0.11153734477408872,0.24291613583953103,-0.32541744331923045,-0.26727215207793625,0.4137501125670031,-0.8702676391578141,0.0902507171319927,0.0,0.0,0.0,1.0,-0.9799587763648309,1.1819075759886528,0.41643853753157595,1.0
-0.0034392368328815537,-0.9035077527555897,-0.4285160290868797,0.4106645588336283,-0.963592114223205,-0.11153734477433741,0.2429161358380003,-0.32444256067956745,-0.26727215207665656,0.41375011256803407,-0.8702676391577173,0.0858849675076529,0.0,0.0,0.0,1.0,-0.8402664178809298,0.9085061455770295,0.7494744677948691,1.0
-0.003439236832277315,-0.9035077527556296,-0.4285160290868007,0.4090414984618709,-0.9635921142231079,-0.1115373447749956,0.24291613583808377,-0.3235224841203185,-0.2672721520770148,0.4137501125677699,-0.8702676391577329,0.08176465221032461,0.0,0.0,0.0,1.0,-0.6990725290134518,1.0055370185809942,0.9014699748119986,1.0
-0.0034392368317385236,-0.9035077527551162,-0.4285160290878877,0.4072467270270993,-0.9635921142234807,-0.11153734477518273,0.24291613583651928,-0.3225050684097128,-0.26727215207567795,0.41375011256884076,-0.8702676391576343,0.07720842967202066,0.0,0.0,0.0,1.0,-0.9615865774535868,1.3109350270918396,0.7025946417225619,1.0
-0.0034392368351213176,-0.9035077527486989,-0.4285160291013923,0.4056736972761358,-0.9635921142291648,-0.11153734476705263,0.24291613581770446,-0.3216133531248855,-0.26727215205514215,0.41375011258504646,-0.8702676391562364,0.07321512219767798,0.0,0.0,0.0,1.0,-0.5551536941001983,0.9280732094729185,2.6404030518192063,1.0
-0.003439236838846005,-0.903507752742778,-0.4285160291138466,0.40511726801832154,-0.9635921142344697,-0.11153734475892785,0.2429161358003899,-0.32129792587920986,-0.26727215203596766,0.4137501126001659,-0.870267639154937,0.07180256568378948,0.0,0.0,0.0,1.0,-0.1738163117096502,0.44919334117389725,4.948164644217166,1.0
-0.003439236838941928,-0.9035077527426334,-0.42851602911414993,0.40500436387158434,-0.9635921142345992,-0.11153734475872484,0.24291613579996893,-0.3212339230489121,-0.2672721520354989,0.4137501126005354,-0.870267639154905,0.07151594621909829,0.0,0.0,0.0,1.0,-0.006050487822940126,0.28275227905107203,5.423904097716133,1.0
-0.0034392368389496997,-0.9035077527426205,-0.42851602911417724,0.40497757610868246,-0.9635921142346109,-0.11153734475870736,0.24291613579993054,-0.32121873766638903,-0.2672721520354568,0.4137501126005687,-0.8702676391549022,0.07144794256860543,0.0,0.0,0.0,1.0,0.05702214264814878,0.18391909028680914,5.404748294733332,1.0
