-1.9704511361018362e-05,-0.9999779953310131,-5.18116302568329e-05,0.3854586856163604,-0.99997799618466,1.9702891790263077e-05,3.125983845893852e-05,-6.38441594023304e-06,-3.125812975759621e-05,5.1811106163045276e-05,-0.9999999981691886,0.36376107559464693,0.0,0.0,0.0,1.0,-1.258286799872565,0.186760029594244,-0.4399877998788146,0.0
-1.9704511361018362e-05,-0.9999779953310131,-5.18116302568329e-05,0.3854586856163604,-0.99997799618466,1.9702891790263077e-05,3.125983845893852e-05,-6.38441594023304e-06,-3.125812975759621e-05,5.1811106163045276e-05,-0.9999999981691886,0.36376107559464693,0.0,0.0,0.0,1.0,-1.2698210055636203,0.2027716473026304,-0.4130911789467866,0.0
-1.9704511361018362e-05,-0.9999779953310131,-5.18116302568329e-05,0.3854586856163604,-0.99997799618466,1.9702891790263077e-05,3.125983845893852e-05,-6.38441594023304e-06,-3.125812975759621e-05,5.1811106163045276e-05,-0.9999999981691886,0.36376107559464693,0.0,0.0,0.0,1.0,-1.2627173010041566,0.15078796927538912,-0.3834827506544083,0.0
-1.9704527506159142e-05,-0.9999779953310122,-5.181164060977613e-05,0.3854586691977476,-0.9999779961846607,1.9702907936847147e-05,3.1259803709224404e-05,-0.008612996289625939,-3.1258095007606184e-05,5.1811116515610686e-05,-0.9999999981691892,0.36376107558167364,0.0,0.0,0.0,1.0,-0.08993232135969151,-1.0626505525084657,-0.9034384742427817,0.0
-1.9704507477513733e-05,-0.9999779953310131,-5.181163188525649e-05,0.38545866807347345,-0.9999779961846598,1.9702887906258848e-05,3.1259845901386406e-05,-0.04489142544572051,-3.125813720004794e-05,5.181110779160723e-05,-0.9999999981691884,0.36376107533771473,0.0,0.0,0.0,1.0,0.1527603867857521,-3.4676715922651913,-1.7663480613212261,0.0
-1.970449960514431e-05,-0.9999779953310135,-5.181162858927321e-05,0.3854586682064307,-0.9999779961846595,1.9702880033389825e-05,3.125985838209398e-05,-0.08120909354697992,-3.1258149680957615e-05,5.1811104495655234e-05,-0.9999999981691882,0.3637610747705143,0.0,0.0,0.0,1.0,0.5935899624737233,-3.1904014933373057,-1.3566219826011932,0.0
-1.9704488952776433e-05,-0.999977995331014,-5.181162132250269e-05,0.3854586684448844,-0.9999779961846592,1.9702869380522348e-05,3.125987513720495e-05,-0.12003142809700573,-3.125816643638341e-05,5.181109722900482e-05,-0.9999999981691879,0.36376107386650414,0.0,0.0,0.0,1.0,0.7640493616668104,-2.787948933086027,-1.1107730669185116,0.0
-1.9704479612747683e-05,-0.9999779953310146,-5.1811612033207666e-05,0.38545866874473345,-0.9999779961846591,1.9702860039882975e-05,3.125988966079258e-05,-0.15509676219027477,-3.125818096034863e-05,5.1811087939918106e-05,-0.999999998169188,0.3637610728480335,0.0,0.0,0.0,1.0,0.7248478083302745,-2.7978485565951625,-1.2208062648976643,0.0
-1.9704471786008426e-05,-0.9999779953310153,-5.1811600786336176e-05,0.38545866913607807,-0.9999779961846589,1.970285221281065e-05,3.125990182559733e-05,-0.19266676263209212,-3.1258193125496374e-05,5.181107669334806e-05,-0.9999999981691884,0.36376107161094895,0.0,0.0,0.0,1.0,1.163242104305983,-2.558702578537842,-1.4510160292008685,0.0
-1.9704511361573473e-05,-0.9999779953310131,-5.181163025754637e-05,0.3854586856159995,-0.99997799618466,1.9702891790762678e-05,3.125983845889829e-05,-0.21253912668697691,-3.125812975754805e-05,5.1811106163774036e-05,-0.9999999981691886,0.3637937569087552,0.0,0.0,0.0,1.0,0.8845481649720615,-2.6923685480591577,-1.5027755884652014,0.0
-1.9704375685603015e-05,-0.9999779953310217,-5.1811516786293144e-05,0.3854586848831802,-0.9999779961846484,1.9702756094752694e-05,3.126029458729897e-05,-0.2046038555189482,-3.1258585885218526e-05,5.1810992699765204e-05,-0.9999999981691803,0.36420964348184615,0.0,0.0,0.0,1.0,-2.0071051677419764,0.5745786063523739,-0.23044427746056864,0.0
-1.970451844912624e-05,-0.9999779953310124,-5.181164047676767e-05,0.38549345488015835,-0.9999779961846603,1.9702898878704023e-05,3.1259825505614014e-05,-0.2182998111709502,-3.1258116803984566e-05,5.181111638283016e-05,-0.9999999981691885,0.36435667057275034,0.0,0.0,0.0,1.0,-0.11756668384940738,-1.9079898685745929,-0.964068333439066,0.0
-1.9704413346033345e-05,-0.9999779953310213,-5.181150848117266e-05,0.3845474612397104,-0.9999779961846551,1.9702793767728544e-05,3.12600565127788e-05,-0.21631606985662336,-3.12583478141277e-05,5.181098439148823e-05,-0.999999998169188,0.3645647417850474,0.0,0.0,0.0,1.0,-0.5869030186020383,0.3999954845264083,-0.19552681913296427,0.0
-1.97045113681793e-05,-0.9999779953310131,-5.181163025906772e-05,0.36525214450509147,-0.99997799618466,1.970289179764606e-05,3.125983845639335e-05,-0.21631607793032426,-3.1258129755025224e-05,5.1811106165360685e-05,-0.9999999981691887,0.36489858496897704,0.0,0.0,0.0,1.0,-0.774391910466619,0.3816236086353531,0.010776485374256238,0.0
-1.9704510352824833e-05,-0.9999779953310131,-5.181162956974239e-05,0.36525173546972783,-0.9999779961846599,1.9702890781903015e-05,3.125983962223161e-05,-0.2160957757939181,-3.1258130920903545e-05,5.1811105476060336e-05,-0.9999999981691887,0.3308889901234418,0.0,0.0,0.0,1.0,-1.2553023218745953,0.7590571413797247,1.0105553725830576,0.0
-1.9704510901497052e-05,-0.9999779953310131,-5.1811629525361225e-05,0.3652517350552345,-0.99997799618466,1.9702891330630745e-05,3.125983969791413e-05,-0.2158056956722638,-3.1258130996637025e-05,5.1811105431786554e-05,-0.9999999981691888,0.2932453253017492,0.0,0.0,0.0,1.0,-1.3696961185505532,0.6308352873231086,1.1298443283946382,0.0
-1.9704511406815062e-05,-0.9999779953310131,-5.181162954501217e-05,0.3652517345344377,-0.9999779961846598,1.9702891836115288e-05,3.1259839666120115e-05,-0.2155258335663744,-3.12581309647445e-05,5.181110545129085e-05,-0.9999999981691887,0.2569276601676465,0.0,0.0,0.0,1.0,-0.07656703328970457,-1.6637232902590369,0.9675632614479988,0.0
-1.97045119346706e-05,-0.9999779953310132,-5.181162965350872e-05,0.365251733938489,-0.99997799618466,1.9702892363915314e-05,3.125983948465416e-05,-0.21523632101021456,-3.125813078328733e-05,5.181110555988685e-05,-0.9999999981691886,0.21935766152591885,0.0,0.0,0.0,1.0,-0.1496699218500221,-1.7123189531265126,1.2916872314685799,0.0
-1.9704503880335622e-05,-0.9999779953310133,-5.181163171547043e-05,0.3652517333657134,-0.9999779961846603,1.9702884309580337e-05,3.125983598209481e-05,-0.2149513085747506,-3.1258127281150515e-05,5.1811107621482034e-05,-0.9999999981691885,0.18303999588467457,0.0,0.0,0.0,1.0,-0.24245632894984712,-1.6142251180880223,1.493551491455493,0.0
-1.9704513281704195e-05,-0.9999779953310132,-5.181163025769209e-05,0.3652517328881986,-0.99997799618466,1.970289371094891e-05,3.125983845853053e-05,-0.21495112347569328,-3.1258129757132906e-05,5.181110616399617e-05,-0.9999999981691887,0.1467591632766081,0.0,0.0,0.0,1.0,-0.3676619909586996,-1.2970989255335879,1.4232421061391065,0.0
-1.9704722519275908e-05,-0.9999779953309913,-5.18119726893862e-05,0.3652443574618727,-0.9999779961846734,1.970310296711686e-05,3.1259273156475365e-05,-0.21367753773914056,-3.125756444987168e-05,5.1811448583702874e-05,-0.9999999981691887,0.12870061638335428,0.0,0.0,0.0,1.0,-1.7163852214048299,0.08435020901724813,0.6820939972613761,0.0
-1.970453446309417e-05,-0.9999779953310111,-5.181166609369292e-05,0.365200961496418,-0.9999779961846615,1.970291489455933e-05,3.1259776096193015e-05,-0.2073222108447593,-3.125806739439414e-05,5.181114199858887e-05,-0.9999999981691888,0.12870061695965884,0.0,0.0,0.0,1.0,0.8380714945742884,-2.2998151715319866,-0.03681767686813405,0.0
-1.9704548463561622e-05,-0.9999779953310088,-5.181170128099044e-05,0.3759021969641641,-0.9999779961846624,1.9702928896081495e-05,3.125973710077501e-05,-0.2082016286138208,-3.125802839828e-05,5.1811177184876786e-05,-0.9999999981691883,0.1287006173201744,0.0,0.0,0.0,1.0,0.3051455076290702,-2.7555956617688766,0.6735078303701524,0.0
-1.9704481068194557e-05,-0.9999779953310148,-5.181160685518993e-05,0.3593584568790676,-0.9999779961846593,1.970286149594047e-05,3.12598795749186e-05,-0.20820034588206476,-3.125817087463433e-05,5.181108276178555e-05,-0.9999999981691887,0.128700607954701,0.0,0.0,0.0,1.0,-0.7720289573383714,1.2486262165227215,-0.5917912976572643,0.0
-1.9704505318518528e-05,-0.9999779953310128,-5.1811634835918774e-05,0.3522147896873248,-0.9999779961846603,1.970288574815182e-05,3.125983071719518e-05,-0.20816251612391448,-3.1258122016237186e-05,5.1811110741766996e-05,-0.9999999981691887,0.1222951025552999,0.0,0.0,0.0,1.0,0.13206371828095018,-1.0029911130092253,1.7014389981806173,0.0
-1.970451138699758e-05,-0.9999779953310132,-5.181163029543967e-05,0.35212860720111133,-0.99997799618466,1.9702891816242296e-05,3.125983839497026e-05,-0.2080506925953917,-3.125812969366433e-05,5.181110620177893e-05,-0.9999999981691888,0.11861064560739143,0.0,0.0,0.0,1.0,-0.32691719858668455,-0.5885684759963222,1.2477698616633113,0.0
-1.9704640982942667e-05,-0.9999779953310002,-5.1811825608427675e-05,0.3517872029878358,-0.9999779961846672,1.9703021422345923e-05,3.125952629659534e-05,-0.20217048284495104,-3.125781759153783e-05,5.181130150824068e-05,-0.9999999981691883,0.11861257205108855,0.0,0.0,0.0,1.0,-0.6647703363642473,-0.9517880068274669,-0.029961941044407414,0.0
-1.9704511361628985e-05,-0.9999779953310132,-5.1811630257081465e-05,0.3517872037533923,-0.9999779961846599,1.970289179081819e-05,3.1259838458641553e-05,-0.21895106426591576,-3.125812975732495e-05,5.181110616351729e-05,-0.9999999981691887,0.11861257228865435,0.0,0.0,0.0,1.0,0.8350515443278741,-2.1207141125302984,0.7752347780592249,0.0
-1.9704511361795518e-05,-0.9999779953310131,-5.181163025791413e-05,0.3517872037533921,-0.9999779961846599,1.9702891791262278e-05,3.125983845903013e-05,-0.21895106426591524,-3.125812975772219e-05,5.181110616416745e-05,-0.9999999981691889,0.1186125722886544,0.0,0.0,0.0,1.0,0.8334940025942597,-2.150941335645321,0.7704680702524243,0.0
-1.9704511361795518e-05,-0.9999779953310131,-5.181163025791413e-05,0.3517872037533921,-0.9999779961846599,1.9702891791262278e-05,3.125983845903013e-05,-0.21895106426591524,-3.125812975771768e-05,5.1811106164170265e-05,-0.9999999981691889,0.1186125722886544,0.0,0.0,0.0,1.0,0.8106637785641262,-2.136307761050377,0.7646988199532603,0.0
-1.9704511361795518e-05,-0.9999779953310131,-5.181163025791413e-05,0.3517872037533921,-0.9999779961846599,1.9702891791262278e-05,3.125983845903013e-05,-0.21895106426591524,-3.125812975772059e-05,5.181110616416844e-05,-0.9999999981691889,0.1186125722886544,0.0,0.0,0.0,1.0,0.7974102717882797,-2.1605551778926464,0.7373315295133589,0.0
-1.9704511361795518e-05,-0.9999779953310131,-5.181163025791413e-05,0.3517872037533921,-0.9999779961846599,1.9702891791262278e-05,3.125983845903013e-05,-0.21895106426591524,-3.125812975772115e-05,5.18111061641681e-05,-0.9999999981691889,0.1186125722886544,0.0,0.0,0.0,1.0,0.7783966578813024,-2.146417843307135,0.7108896876282624,0.0
-1.9704511389551094e-05,-0.9999779953310132,-5.181163026152236e-05,0.3517870601073426,-0.99997799618466,1.9702891818518253e-05,3.1259838452479816e-05,-0.21895100647845644,-3.1258129751221755e-05,5.181110616779661e-05,-0.9999999981691889,0.11515188442053015,0.0,0.0,0.0,1.0,0.4860518038020308,-1.6393832166665756,1.7646897820349872,1.0
-1.9704511388274337e-05,-0.9999779953310132,-5.1811630262910136e-05,0.3517869021925618,-0.99997799618466,1.970289181740803e-05,3.1259838449981814e-05,-0.21895098921452585,-3.125812974854301e-05,5.1811106169267675e-05,-0.9999999981691887,0.11134183177662133,0.0,0.0,0.0,1.0,0.3592897984330041,-1.4401008958926302,1.6222893403343208,1.0
-1.9704511386109402e-05,-0.9999779953310131,-5.1811630264353425e-05,0.35178674471338917,-0.9999779961846598,1.9702891815576162e-05,3.1259838449537725e-05,-0.21895098494914447,-3.125812974825334e-05,5.181110617073712e-05,-0.9999999981691887,0.1075420799454434,0.0,0.0,0.0,1.0,0.5473504940851547,-1.7575754788104425,2.306701598540622,1.0
-1.9704511387108603e-05,-0.9999779953310133,-5.181163026457547e-05,0.3517865993146831,-0.99997799618466,1.970289181640883e-05,3.125983844776137e-05,-0.2189509849494824,-3.125812974639215e-05,5.1811106170838284e-05,-0.9999999981691887,0.10403419844179573,0.0,0.0,0.0,1.0,0.503451439191136,-1.7132519799367372,2.155147648510135,1.0
-1.9704511387053092e-05,-0.9999779953310132,-5.181163026518609e-05,0.3517864492208593,-0.9999779961846602,1.9702891816131274e-05,3.1259838446207056e-05,-0.21895098495138207,-3.125812974485237e-05,5.181110617145595e-05,-0.9999999981691889,0.10041298266417165,0.0,0.0,0.0,1.0,0.45847357282080425,-1.6290134246030006,2.043782649294082,1.0
-1.970451138894047e-05,-0.9999779953310133,-5.181163026757307e-05,0.35178629880547396,-0.99997799618466,1.9702891818129675e-05,3.12598384434315e-05,-0.2189509849460808,-3.1258129742116835e-05,5.181110617392868e-05,-0.9999999981691888,0.0967842881314307,0.0,0.0,0.0,1.0,0.28071040476148323,-1.3232323894106426,1.9210730091401214,1.0
-1.970451138799678e-05,-0.9999779953310131,-5.181163026801716e-05,0.3517861560981251,-0.99997799618466,1.9702891817297008e-05,3.1259838442765364e-05,-0.2189509849508798,-3.125812974143349e-05,5.181110617417205e-05,-0.9999999981691887,0.09334116495626005,0.0,0.0,0.0,1.0,0.3329744763242708,-1.3980419822605055,2.284008885096587,1.0
-1.970451138738616e-05,-0.999977995331013,-5.1811630268183695e-05,0.3517860182506525,-0.99997799618466,1.9702891816575363e-05,3.125983844215474e-05,-0.2189509849580974,-3.1258129740774545e-05,5.181110617443409e-05,-0.9999999981691889,0.09001519668840019,0.0,0.0,0.0,1.0,0.4763176400249633,-1.609672506015093,2.233965931892904,1.0
-1.9704511387830248e-05,-0.9999779953310133,-5.181163026907187e-05,0.35178587229074976,-0.9999779961846601,1.9702891817074963e-05,3.125983844071145e-05,-0.21895098495915627,-3.125812973934646e-05,5.181110617534215e-05,-0.9999999981691887,0.08649374790122272,0.0,0.0,0.0,1.0,0.3981170846746581,-1.466506019300104,2.2535199620857402,1.0
-1.970451136812379e-05,-0.999977995331013,-5.181163026068969e-05,0.35178578210230477,-0.9999779961846599,1.970289179720197e-05,3.1259838453923106e-05,-0.21895098503352847,-3.125812975256628e-05,5.1811106167002316e-05,-0.9999999981691887,0.08367433581343742,0.0,0.0,0.0,1.0,0.9093334276827195,-1.8861190309622582,3.8169026152489787,1.0
-1.9704511362073074e-05,-0.9999779953310133,-5.18116302577476e-05,0.3517857821395417,-0.99997799618466,1.9702891791539834e-05,3.125983845853053e-05,-0.218950985056698,-3.12581297571536e-05,5.181110616407702e-05,-0.9999999981691888,0.08276926963470305,0.0,0.0,0.0,1.0,1.1736678736628234,-2.2128366582615215,5.214880242052264,1.0
-1.9704511361795518e-05,-0.9999779953310131,-5.1811630258136177e-05,0.35178578214246237,-0.99997799618466,1.9702891791095745e-05,3.1259838459141154e-05,-0.2189509850585153,-3.1258129757854206e-05,5.1811106164420844e-05,-0.9999999981691887,0.0825454955320385,0.0,0.0,0.0,1.0,1.2005956908756572,-2.318361071218581,5.406901883505466,1.0
-1.9704511361795518e-05,-0.9999779953310131,-5.181163025769209e-05,0.3517857821424431,-0.99997799618466,1.9702891790984722e-05,3.12598384588636e-05,-0.21895098505850336,-3.125812975759951e-05,5.1811106164003725e-05,-0.9999999981691887,0.0824568523664812,0.0,0.0,0.0,1.0,1.2150232673130492,-2.258794319594176,5.418207507395648,1.0
-1.9704511361684496e-05,-0.9999779953310131,-5.181163025796964e-05,0.3517857821424768,-0.9999779961846599,1.970289179081819e-05,3.125983845908564e-05,-0.21895098505852426,-3.125812975766273e-05,5.181110616411233e-05,-0.9999999981691887,0.08239137007906666,0.0,0.0,0.0,1.0,1.194753175380531,-2.250159592353354,5.478904121024286,1.0
